%   FB TB R X y/2 
L = [1 2 0.20 0.8 0.02;
     2 3 0.30 0.9 0.03;
     3 4 0.20 0.8 0.02;
     2 4 0.25 1.0 0.04;
     1 3 0.10 0.4 0.01
    ]